%YAML:1.0
---
loaded file: "E:\\PictureCollection\\数据采集\\标定\\合成\\blur_sd1p5_ws9_checkerboard20x20\\pattern_info.yaml"
performance:
   -
      cost time ms: 354.
      false positive: 0.
      false negative: 0.
      actual number: 361
      detected number: 361
      average error: 2.1266409956988278e-01
      biggest error: 1.0678629068188117e+00
   -
      cost time ms: 154.
      false positive: 0.
      false negative: 0.
      actual number: 361
      detected number: 361
      average error: 7.0605764666808665e-02
      biggest error: 1.1326261920904475e-01
   -
      cost time ms: 158.
      false positive: 0.
      false negative: 0.
      actual number: 361
      detected number: 361
      average error: 1.7355724398133698e-01
      biggest error: 9.2126330715571725e-01
   -
      cost time ms: 155.
      false positive: 0.
      false negative: 0.
      actual number: 361
      detected number: 361
      average error: 1.8713549581108088e-01
      biggest error: 8.0043394309678706e-01
   -
      cost time ms: 150.
      false positive: 0.
      false negative: 0.
      actual number: 361
      detected number: 361
      average error: 9.2221544550414133e-02
      biggest error: 1.2146284730517365e-01
   -
      cost time ms: 141.
      false positive: 0.
      false negative: 0.
      actual number: 361
      detected number: 361
      average error: 1.8974270767335127e-01
      biggest error: 7.1486268856200008e-01
   -
      cost time ms: 143.
      false positive: 0.
      false negative: 0.
      actual number: 361
      detected number: 361
      average error: 1.9568386691310619e-01
      biggest error: 5.9645838504024140e-01
   -
      cost time ms: 138.
      false positive: 0.
      false negative: 0.
      actual number: 361
      detected number: 361
      average error: 1.6104762779669030e-01
      biggest error: 7.1630765762228499e-01
   -
      cost time ms: 132.
      false positive: 0.
      false negative: 0.
      actual number: 361
      detected number: 361
      average error: 1.4342208459475903e-01
      biggest error: 6.2202757257926733e-01
   -
      cost time ms: 127.
      false positive: 0.
      false negative: 0.
      actual number: 361
      detected number: 361
      average error: 2.1313376469694745e-01
      biggest error: 7.1015358619464974e-01
   -
      cost time ms: 1.1610483824564814e-311
      false positive: 1.4821969375237396e-323
      false negative: 5.4643660430041868e-320
      actual number: 16378
      detected number: 0
      average error: 3.7054923438093491e-322
      biggest error: 4.4465908125712189e-323
   -
      cost time ms: 123.
      false positive: 0.
      false negative: 0.
      actual number: 361
      detected number: 361
      average error: 8.1498634935437186e-02
      biggest error: 1.0264145681827107e-01
   -
      cost time ms: 133.
      false positive: 0.
      false negative: 0.
      actual number: 361
      detected number: 361
      average error: 2.0375484115033293e-01
      biggest error: 1.0402083259987847e+00
   -
      cost time ms: 1.1610483824564814e-311
      false positive: 1.9762625833649862e-323
      false negative: 7.2568362061162292e-320
      actual number: 16380
      detected number: 0
      average error: 3.7054923438093491e-322
      biggest error: 5.9287877500949585e-323
   -
      cost time ms: 131.
      false positive: 0.
      false negative: 0.
      actual number: 361
      detected number: 361
      average error: 5.1503347980060690e-02
      biggest error: 1.1515292566250486e-01
   -
      cost time ms: 134.
      false positive: 0.
      false negative: 0.
      actual number: 361
      detected number: 361
      average error: 1.8564399359066489e-01
      biggest error: 8.4831700876582916e-01
   -
      cost time ms: 126.
      false positive: 0.
      false negative: 0.
      actual number: 361
      detected number: 361
      average error: 1.0826149459612472e-01
      biggest error: 4.6667936056619380e-01
   -
      cost time ms: 144.
      false positive: 0.
      false negative: 0.
      actual number: 361
      detected number: 361
      average error: 1.4136605317660400e-01
      biggest error: 8.6129402317572856e-01
   -
      cost time ms: 150.
      false positive: 0.
      false negative: 0.
      actual number: 361
      detected number: 361
      average error: 2.1386937047870733e-01
      biggest error: 6.4404555443833766e-01
   -
      cost time ms: 111.
      false positive: 0.
      false negative: 0.
      actual number: 361
      detected number: 361
      average error: 1.5109901811627871e-01
      biggest error: 6.2201809063322766e-01
   -
      cost time ms: 1.1610483824564814e-311
      false positive: 3.4584595208887258e-323
      false negative: 6.0429169142842865e-320
      actual number: 16380
      detected number: 0
      average error: 3.7054923438093491e-322
      biggest error: 9.3872472709836843e-323
   -
      cost time ms: 1.1610483824564814e-311
      false positive: 3.9525251667299724e-323
      false negative: 1.2450454275199413e-320
      actual number: 16380
      detected number: 0
      average error: 3.7054923438093491e-322
      biggest error: 9.8813129168249309e-323
   -
      cost time ms: 1.1610483824564814e-311
      false positive: 3.9525251667299724e-323
      false negative: 4.5399692196352145e-320
      actual number: 16380
      detected number: 0
      average error: 3.7054923438093491e-322
      biggest error: 1.0375378562666177e-322
   -
      cost time ms: 1.1610483824564814e-311
      false positive: 3.9525251667299724e-323
      false negative: 7.8348930117504877e-320
      actual number: 16380
      detected number: 0
      average error: 3.7054923438093491e-322
      biggest error: 1.0869444208507424e-322
   -
      cost time ms: 157.
      false positive: 0.
      false negative: 0.
      actual number: 361
      detected number: 361
      average error: 2.2957464510917389e-01
      biggest error: 4.9454323147223600e-01
   -
      cost time ms: 1.1610483824564814e-311
      false positive: 4.4465908125712189e-323
      false negative: 6.3319453171014157e-320
      actual number: 16380
      detected number: 0
      average error: 3.7054923438093491e-322
      biggest error: 1.1857575500189917e-322
   -
      cost time ms: 125.
      false positive: 0.
      false negative: 0.
      actual number: 361
      detected number: 361
      average error: 1.3918208231392193e-01
      biggest error: 5.6586325801171145e-01
   -
      cost time ms: 132.
      false positive: 0.
      false negative: 0.
      actual number: 361
      detected number: 361
      average error: 2.2914258233925747e-01
      biggest error: 6.6079191495161671e-01
   -
      cost time ms: 121.
      false positive: 0.
      false negative: 0.
      actual number: 361
      detected number: 361
      average error: 1.9323337444834165e-01
      biggest error: 9.2127048131277722e-01
   -
      cost time ms: 129.
      false positive: 0.
      false negative: 0.
      actual number: 361
      detected number: 361
      average error: 1.0497885990543662e-01
      biggest error: 5.0565457645640166e-01
   -
      cost time ms: 140.
      false positive: 0.
      false negative: 0.
      actual number: 361
      detected number: 361
      average error: 2.1734226338235144e-01
      biggest error: 7.0964811168496733e-01
   -
      cost time ms: 131.
      false positive: 0.
      false negative: 0.
      actual number: 361
      detected number: 361
      average error: 1.7690523944018163e-01
      biggest error: 7.8687667167454745e-01
   -
      cost time ms: 135.
      false positive: 0.
      false negative: 0.
      actual number: 361
      detected number: 361
      average error: 1.6289001223557259e-01
      biggest error: 7.9153890196596965e-01
   -
      cost time ms: 1.1610483824564814e-311
      false positive: 6.4228533959362051e-323
      false negative: 3.2015453850512776e-321
      actual number: 16380
